.Random.seed <-
c(403L, 263L, 1297034701L, 1399866801L, 1675845669L, -399185926L, 
832503582L, 1920551337L, 911356677L, -1866527381L, 2134370845L, 
-2138306448L, 905966199L, -926206518L, 1191261641L, -123813836L, 
-1838296497L, -722041995L, 1324178135L, -1610503729L, 298659837L, 
-115146853L, 607421939L, -1126539460L, 790868266L, 528673585L, 
-492200788L, -232368665L, 1821346468L, 1988876933L, 976000252L, 
1096058751L, 1941174474L, 1747153379L, 656705899L, -1413545281L, 
1990504373L, 2121767429L, 394792960L, 388936779L, -639774189L, 
-872788458L, 2087835195L, -1477088857L, -2071101251L, 541835949L, 
-1983606507L, 108725300L, -1228501777L, -1765683093L, 1491009048L, 
478399720L, -1975524148L, 1244011363L, 1677914185L, 292910546L, 
-1154586190L, 472442689L, -1921474665L, 1415569051L, 1016255318L, 
1902547072L, 283388552L, -1483002622L, 1990367249L, -1643883515L, 
-1656128911L, -388730619L, 1115452161L, -117207368L, 275128763L, 
-1076706467L, -1874149193L, -1348765L, 1275332165L, 1977526721L, 
2009785556L, -678065526L, 703672708L, 2107935908L, 62971673L, 
-1124021431L, -1067698379L, -1107265424L, 11173484L, -1498189445L, 
-309919344L, 490622682L, 783737786L, -1171278439L, 329849156L, 
1943825972L, 214733439L, -1267565380L, 1641948659L, 1605520187L, 
352970982L, 926803807L, 1816624032L, -2111248343L, 1158192658L, 
1080837185L, -357124356L, 593510793L, -1624083676L, -1083560059L, 
90849790L, -1283650957L, -1882040705L, -1247096212L, -1297913657L, 
-1774734218L, -1557426516L, 1016015342L, 784809772L, -1947482666L, 
1954479708L, -923062750L, -497163360L, -1343494731L, 1587065633L, 
-1842333874L, 2020981979L, 1427099312L, 684678792L, -2045110525L, 
365810269L, -1159576448L, 3225403L, 645614694L, -1769566178L, 
1462887685L, -1734491096L, 1060045390L, -856407197L, -2147025794L, 
-1480443011L, -1790946605L, -1599030211L, 929062070L, -1522003391L, 
-526421481L, 2053577795L, -1569223700L, 696876986L, 1522264690L, 
-264441929L, 1960241338L, 844591910L, -2104196011L, -1774822642L, 
-1097641636L, 124268040L, -1571508615L, -2058885619L, 418643533L, 
-363336998L, 2104507440L, 1068322354L, -1072934613L, -628506094L, 
1211653738L, -133054696L, 254938440L, 2082691117L, 2134019700L, 
959625584L, 1857787059L, 1351190698L, 1494334784L, -270912101L, 
2090446878L, -2038599481L, 492510220L, -1163356090L, 1732813428L, 
-957186690L, -1986588272L, -1724024520L, 1427559158L, 529940994L, 
761482096L, -39467719L, 1773112380L, -1454043738L, 237090118L, 
1630198024L, -198358703L, -746213557L, -1975574373L, -2085073564L, 
1796703899L, -1863011939L, 774324999L, 1961383858L, -110245726L, 
1561499049L, 2078624050L, 2147378450L, 683259884L, -454284672L, 
-1449778041L, 875669322L, -1779370421L, -140674273L, -1674080489L, 
-552015701L, 1086930465L, 819328501L, -1179495018L, -1116376041L, 
-2090971289L, -689772597L, 846033260L, 1809764603L, -2003482941L, 
1566511584L, -2063866872L, -1714224659L, -1223948661L, -340993982L, 
740936084L, -388766838L, 1422512229L, 368205853L, 229723844L, 
-338955537L, 1207627123L, -568987430L, 1399461590L, -1903578124L, 
-454410601L, 1552724244L, 1899601109L, -1182848152L, -1024150628L, 
-1166033827L, 1916181811L, 1005368591L, -1936700346L, 1594166428L, 
-202564439L, 1045933968L, -1797613894L, -644380567L, 2041223524L, 
-636064319L, -187833241L, 95554612L, 1780259056L, 1566838463L, 
-80959435L, -1483258452L, -830026381L, -32121469L, -92056990L, 
1705231707L, -1472619522L, -364168449L, -761219480L, 72004721L, 
-510265496L, -97924641L, 1755828369L, -1348716741L, 982186571L, 
43145410L, -585601554L, 821410538L, -69079366L, -462524732L, 
1548048505L, -1601071187L, 721753751L, -724638291L, -1040414573L, 
962620957L, -2122866673L, 618787782L, -1749502543L, -1976180595L, 
-1324401633L, -1685410865L, 1849608177L, -845845168L, 1353429383L, 
-883530025L, -465809090L, -749915020L, 434854362L, 1091252191L, 
-1241761914L, -592160011L, -724979088L, 1466910254L, -181688383L, 
-839199772L, -2103559500L, -109072050L, 1167437234L, -1600217884L, 
2110101861L, 60556845L, -2032871345L, -402656392L, -721866550L, 
1944416166L, 209664979L, 657267917L, 1813389082L, 253587059L, 
-523886907L, -749918884L, 1832310947L, -1381590278L, 1766934572L, 
1830480936L, 446962992L, -605827034L, 1903537737L, -1668624539L, 
656728097L, 1586817196L, -1991388119L, -515239014L, -1023533532L, 
-170818522L, -909676380L, -1830482010L, 1335278675L, -1172478941L, 
256520293L, -955724792L, 1688370272L, 603144667L, -1028230256L, 
143276683L, -81796576L, 1123389539L, 1876853118L, 191772595L, 
-675852446L, -1950099231L, -1470520505L, 561399151L, -1587162254L, 
966369928L, 1645091488L, 73000900L, -719991929L, -1492950876L, 
1898753184L, 591437221L, 690850855L, -1393823046L, 465706494L, 
930038426L, 2036194042L, 304535190L, 230022306L, -1781128562L, 
183683629L, -434038325L, -1881500094L, -392392693L, 771723417L, 
432175617L, 2118940694L, -55257834L, 42929707L, -1917610182L, 
650974545L, -261803794L, -356232226L, 319152376L, -1174643105L, 
-1839655292L, 1619108671L, 758143184L, 128779046L, 420131229L, 
2056256480L, 1133139443L, 278885168L, -1603386899L, -921674542L, 
1120276402L, 380823223L, 2117373640L, 1734508060L, 139424995L, 
1481245797L, -1361379991L, 1153296594L, -131617303L, 867315007L, 
500675180L, 1273573230L, -968221626L, -586526621L, -772458480L, 
1015643341L, 2024994776L, 1610858209L, -232381244L, 20691230L, 
1396472773L, 1428886663L, 1098202671L, -2016427420L, -583763935L, 
880044475L, -1134816411L, -235805433L, -1830920568L, -560007399L, 
-249311373L, -1564308414L, -1022713155L, -491052829L, -1476455934L, 
596335166L, 2078336132L, 531459923L, 686380788L, 657741716L, 
-1365508563L, 484874281L, -1278332686L, 1018951351L, 476380875L, 
-1659622784L, -245765486L, -2098126241L, 425470483L, -1750029299L, 
-428295504L, 715855375L, -304705928L, 1547598853L, 1392029625L, 
-455731580L, 1309161183L, -120936930L, 1553819615L, -26657066L, 
-1395378522L, -394836068L, 919202484L, 1479388903L, 1346714994L, 
-1123508905L, 565959116L, 2141011173L, -265842840L, 484322968L, 
-433674723L, -80576603L, -485354763L, 2109484540L, 42403097L, 
-151369364L, -435507008L, -475957697L, -1348754723L, -85531461L, 
-1538883804L, 1919326274L, -1069824442L, 1825508582L, -1578521882L, 
-239057819L, -1499529592L, -442818273L, 1197579334L, -1889622318L, 
195418588L, -1554198189L, 800071969L, -5050187L, 26933535L, 1612459244L, 
-661737229L, 623256971L, 1825553437L, 1830082646L, 1498280727L, 
969409109L, 348683808L, 2036024259L, 673969570L, -293185630L, 
-982505121L, 375416624L, -1623876898L, 114914496L, 128393223L, 
-770207227L, 1037105644L, 1800695312L, 1828649718L, -911530168L, 
-1977316582L, 1680073546L, -1017133730L, 1006263967L, -1549431918L, 
-170899877L, 872718035L, -1933003625L, -1797167849L, 1648668808L, 
2054304125L, 1876415709L, 238848172L, 1173908561L, -685016990L, 
-1009712087L, -483856842L, 1103797525L, 1302604555L, 1251001357L, 
-1044749151L, 155602606L, -1982817517L, -2054378403L, 273364824L, 
-2102004061L, -521650090L, -1483573425L, 1998741719L, 1131302881L, 
-732282023L, 1565031807L, -563807290L, -1759156903L, -1055798895L, 
1489176410L, -1276512822L, 60371667L, 299351220L, -765850965L, 
1232752128L, 1477823843L, 1128927689L, 1444048114L, 570612486L, 
-1340694573L, 1194943128L, 1784151216L, -1558749746L, -73995258L, 
1196742547L, 557550082L, 689116722L, -89110292L, -523682229L, 
-1219252368L, -503594081L, 336376625L, -172432933L, -89907964L, 
-1060140920L, -1082617592L, -1637371599L, -937116142L, 29164741L, 
-523520510L, -865466350L, -1963339375L, -120358896L, -484432320L, 
-5165714L, 1379011748L, -1891893353L, -2040606826L, 974283118L, 
1024593183L, -768050387L, 287881466L, 707324493L, -1926196713L, 
-102622741L, -1793041835L, -1417002672L, 1628773431L, 1020565532L, 
421314336L, -1026541307L, -2061307091L, -668028128L, 418843764L, 
491319069L, 553085660L, -1359876475L, 1195762641L, 1882074520L, 
-1091029617L, 1447937684L, 1503118471L, 2109941805L, 1546963387L, 
